1
Character,37.995,-15.450002,3,7,0,
Platform,3.0,4.0,1.0,2.8
Platform,9.0,-13.0,1.0,3.5
LavaPlatform,-34.0,-12.0,2.0,0.5
LavaPlatform,31.0,-13.0,2.0,0.5
LavaPlatform,23.0,-8.0,2.0,0.5
LavaPlatform,-22.0,-6.0,2.0,0.5
LavaPlatform,-7.0000005,-2.0,2.0,0.5
StonePlatform,-15.0,10.0,4.0,0.75
StonePlatform,27.000002,5.0,4.0,0.75
StonePlatform,10.0,11.0,4.0,0.75
StonePlatform,8.0,-4.0,4.0,0.75
StonePlatform,-8.0,-10.0,4.0,0.75
StonePlatform,-25.0,3.0,4.0,0.75
Platform,-40.0,0.0,1.0,17.4
Platform,40.0,0.0,1.0,17.4
Platform,0.0,17.0,39.0,0.4
Platform,0.0,-17.0,39.0,0.4
Portal,18.0,-3.0
Reaper,-21.708164,-2.0,-10,0.0
Reaper,6.9881754,2.0,10,0.0
Reaper,-0.8456673,-13.0,10,0.0
Heart,-26.069311,13.04265
Heart,32.7192,8.338449
Key,24.94748,6.1086483
Key,8.501241,12.144741
Key,2.002122,7.1947513
Key,7.244809,-15.826853
Key,-10.999573,11.146299
Key,-17.49876,11.144738
Key,-23.998756,4.1447387
Key,-30.498758,-16.205265
Key,-36.99876,-16.205265
Key,-43.5,-1447.3041
Key,-50.0,-1447.3041
Key,-56.5,-1447.3041
Key,-63.0,-1447.3041
Key,-69.5,-1447.3041
